{
 "cells": [
  {
   "cell_type": "code",
   "execution_count": 1,
   "id": "c2d8fe28",
   "metadata": {},
   "outputs": [
    {
     "name": "stdout",
     "output_type": "stream",
     "text": [
      "Requirement already satisfied: rdkit in c:\\users\\stlin\\.conda\\envs\\py37\\lib\\site-packages (2023.3.1)\n",
      "Requirement already satisfied: Pillow in c:\\users\\stlin\\.conda\\envs\\py37\\lib\\site-packages (from rdkit) (9.2.0)\n",
      "Requirement already satisfied: numpy in c:\\users\\stlin\\.conda\\envs\\py37\\lib\\site-packages (from rdkit) (1.21.5)\n"
     ]
    }
   ],
   "source": [
    "#install RDKit package, check for more https://www.rdkit.org/docs/GettingStartedInPython.html\n",
    "!pip install rdkit\n",
    "#import useful packages\n",
    "from rdkit import Chem              #basic molecular functionality\n",
    "from rdkit.Chem import Draw         #creating images from molecules\n",
    "from rdkit.Chem import MACCSkeys    #MACCS fingerprint\n",
    "from rdkit.Chem import AllChem      #Coordinates can be generated\n",
    "from rdkit import DataStructs       #culate molecular similarit\n",
    "from rdkit.Chem.rdMolDescriptors import CalcMolFormula\n",
    "import numpy as np"
   ]
  },
  {
   "cell_type": "code",
   "execution_count": 2,
   "id": "aa9ad9ee",
   "metadata": {},
   "outputs": [
    {
     "name": "stdout",
     "output_type": "stream",
     "text": [
      "mol:  <rdkit.Chem.rdchem.Mol object at 0x000001E6FDA6A990>\n",
      "atoms:  <rdkit.Chem.rdchem._ROAtomSeq object at 0x000001E6FDA6AB10>\n",
      "\n",
      "\n",
      "SMILES:  CN1C=NC2=C1C(=O)N(C(=O)N2C)C\n",
      "formula:  C8H10N4O2\n",
      "number of atoms:  14\n",
      "\n",
      "\n",
      "atomic_num:  6, total_Hs:  3\n",
      "atomic_num:  7, total_Hs:  0\n",
      "atomic_num:  6, total_Hs:  1\n",
      "atomic_num:  7, total_Hs:  0\n",
      "atomic_num:  6, total_Hs:  0\n",
      "atomic_num:  6, total_Hs:  0\n",
      "atomic_num:  6, total_Hs:  0\n",
      "atomic_num:  8, total_Hs:  0\n",
      "atomic_num:  7, total_Hs:  0\n",
      "atomic_num:  6, total_Hs:  0\n",
      "atomic_num:  8, total_Hs:  0\n",
      "atomic_num:  7, total_Hs:  0\n",
      "atomic_num:  6, total_Hs:  3\n",
      "atomic_num:  6, total_Hs:  3\n",
      "bond_order:  1, is in ring?  0\n",
      "bond_order: 12, is in ring?  1\n",
      "bond_order: 12, is in ring?  1\n",
      "bond_order: 12, is in ring?  1\n",
      "bond_order: 12, is in ring?  1\n",
      "bond_order: 12, is in ring?  1\n",
      "bond_order: 12, is in ring?  1\n",
      "bond_order: 12, is in ring?  1\n",
      "bond_order:  2, is in ring?  0\n",
      "bond_order: 12, is in ring?  1\n",
      "bond_order: 12, is in ring?  1\n",
      "bond_order:  1, is in ring?  0\n",
      "bond_order:  2, is in ring?  0\n",
      "bond_order: 12, is in ring?  1\n",
      "bond_order:  1, is in ring?  0\n",
      "\n",
      "\n",
      "original smiles:   CN1C=NC2=C1C(=O)N(C(=O)N2C)C\n",
      "canonical smiles:  Cn1c(=O)c2c(ncn2C)n(C)c1=O\n"
     ]
    }
   ],
   "source": [
    "#Input molecules and basic operations\n",
    "# read the SMILES \n",
    "SMILES = \"CN1C=NC2=C1C(=O)N(C(=O)N2C)C\"\n",
    "mol = Chem.MolFromSmiles(SMILES)\n",
    "print(\"mol: \", mol)\n",
    "atoms = mol.GetAtoms()\n",
    "print(\"atoms: \", atoms)\n",
    "print(\"\\n\")\n",
    "\n",
    "# draw the structure\n",
    "image = Draw.MolToImage(mol)\n",
    "Draw.MolToFile(mol,\"mol.png\")  \n",
    "\n",
    "# calculate the formula and number of atoms\n",
    "formula = CalcMolFormula(mol)\n",
    "num = mol.GetNumAtoms()\n",
    "print(\"SMILES: \", SMILES)\n",
    "print(\"formula: \", formula)\n",
    "print(\"number of atoms: \", num)\n",
    "print(\"\\n\")\n",
    "# explore the molecule\n",
    "for atom in atoms:\n",
    "    atomic_num = atom.GetAtomicNum()\n",
    "    total_Hs = atom.GetTotalNumHs()\n",
    "    print(\"atomic_num: {:>2}, total_Hs: {:>2}\".format(atomic_num, total_Hs))\n",
    "\n",
    "for atom1 in range(mol.GetNumAtoms()):\n",
    "    for atom2 in range(atom1+1, mol.GetNumAtoms()):\n",
    "        bond = mol.GetBondBetweenAtoms(atom1, atom2)\n",
    "        if bond is None:\n",
    "            continue\n",
    "        else:\n",
    "            bond_order = bond.GetBondType()\n",
    "            print(\"bond_order: {:>2}, is in ring? {:>2}\".format(bond_order, bond.IsInRing()))\n",
    "\n",
    "# canonicalization\n",
    "def smiles_canonicalizer(smiles, isomericSmiles = True):\n",
    "    mol = Chem.MolFromSmiles(smiles)\n",
    "    canonical_smiles = Chem.MolToSmiles(mol, isomericSmiles=isomericSmiles)\n",
    "    return canonical_smiles\n",
    "\n",
    "output_smiles = smiles_canonicalizer(SMILES, isomericSmiles=False)\n",
    "print(\"\\n\")\n",
    "print(\"original smiles:  \", SMILES)\n",
    "print(\"canonical smiles: \", output_smiles)"
   ]
  },
  {
   "cell_type": "code",
   "execution_count": 3,
   "id": "8a3875af",
   "metadata": {},
   "outputs": [
    {
     "name": "stdout",
     "output_type": "stream",
     "text": [
      "MACCS:  (37, 38, 65, 75, 77, 79, 80, 83, 85, 89, 92, 93, 95, 96, 97, 98, 101, 105, 106, 110, 113, 117, 120, 121, 122, 125, 127, 136, 137, 141, 142, 143, 144, 148, 149, 150, 154, 156, 158, 159, 160, 161, 162, 163, 164, 165)\n",
      "Coulomb Matrix  [[36.8581052  29.17984498 14.3745146  11.64260739  9.97829777 14.61917254\n",
      "  11.61815815 16.50642529  9.47679755  7.04081441  7.54712175  8.76052486\n",
      "   6.00773793  6.5972445   5.32404307  5.4509465   5.3454263   2.10646757\n",
      "   0.99439478  0.88629579  0.91970929  0.95020958  1.02108008  1.15215172]\n",
      " [29.17984498 53.3587074  31.66691375 22.2937043  18.88905932 30.99992745\n",
      "  16.72832504 19.07972626 13.29525025 10.37827126 10.5594257  14.03992499\n",
      "   9.13409835  8.46827026  3.37195176  3.27541546  3.29931492  3.28001717\n",
      "   1.51998751  1.29039892  1.36125393  1.22347351  1.29496604  1.39986542]\n",
      " [14.3745146  31.66691375 36.8581052  31.06784766 16.52573561 16.73749047\n",
      "  10.22878589 11.48692444  9.4011707   8.09025874  8.50436398 11.96882729\n",
      "   8.46539675  6.13796247  2.24846454  1.92106189  1.80703258  5.44460136\n",
      "   1.50272392  1.15555161  1.2631606   0.92000243  0.95304337  0.98752326]\n",
      " [11.64260739 22.2937043  31.06784766 53.3587074  31.25064294 19.2269153\n",
      "  12.05153981 12.53463491 12.09037411 11.50667643 11.85584869 19.84235677\n",
      "  14.20608441  7.62219697  1.77318886  1.67180638  1.64620891  3.18401079\n",
      "   2.63154323  1.77923398  2.01800998  1.16259026  1.18023375  1.17556391]\n",
      " [ 9.97829777 18.88905932 16.52573561 31.25064294 36.8581052  26.0541729\n",
      "  15.15469496 13.62725506 15.36933974 15.38396026 13.77672969 31.24566571\n",
      "  15.09754737  8.59296948  1.40863984  1.44686699  1.50468323  1.8472799\n",
      "   2.3346204   1.85905552  1.99474561  1.27985029  1.29519918  1.27446382]\n",
      " [14.61917254 30.99992745 16.73749047 19.2269153  26.0541729  36.8581052\n",
      "  26.01569994 21.01036017 17.69688185 13.2808397  12.09378584 17.78895903\n",
      "   9.82485724  9.66018073  1.81115236  2.00302968  2.22160655  1.87033248\n",
      "   1.52756342  1.37164951  1.41219875  1.35078017  1.42708154  1.52145196]\n",
      " [11.61815815 16.72832504 10.22878589 12.05153981 15.15469496 26.01569994\n",
      "  36.8581052  38.32707531 31.25787138 15.53949066 13.88498317 15.48130185\n",
      "   8.6717437  14.66364375  1.46037869  1.73803326  2.0685932   1.31986526\n",
      "   1.28183334  1.30138044  1.27350447  1.82649867  2.00731797  2.33516232]\n",
      " [16.50642529 19.07972626 11.48692444 12.53463491 13.62725506 21.01036017\n",
      "  38.32707531 73.51669472 25.03068107 13.89834771 14.30699152 14.12254119\n",
      "   8.8826584  17.55474868  2.02463796  2.57918472  3.3447101   1.57826068\n",
      "   1.35376812  1.37107913  1.34646942  2.17964555  2.49865214  3.44604867]\n",
      " [ 9.47679755 13.29525025  9.4011707  12.09037411 15.36933974 17.69688185\n",
      "  31.25787138 25.03068107 53.3587074  31.30167704 25.03717818 20.75680552\n",
      "  11.38857561 28.80981218  1.29157934  1.47244283  1.66266671  1.2602596\n",
      "   1.57355761  1.80169668  1.66446695  3.29186143  3.37248602  3.31442235]\n",
      " [ 7.04081441 10.37827126  8.09025874 11.50667643 15.38396026 13.2808397\n",
      "  15.53949066 13.89834771 31.30167704 36.8581052  38.14619717 30.84516702\n",
      "  14.67049168 14.96513058  0.99976102  1.0893575   1.17949561  1.08190546\n",
      "   1.8008361   2.33102392  2.01254019  2.29145802  2.1071426   1.81108514]\n",
      " [ 7.54712175 10.5594257   8.50436398 11.85584869 13.77672969 12.09378584\n",
      "  13.88498317 14.30699152 25.03717818 38.14619717 73.51669472 24.7140655\n",
      "  17.40485276 18.14998017  1.10270911  1.18946908  1.27322175  1.18897239\n",
      "   2.12882223  3.31089772  2.57400401  3.30802825  2.72299116  2.15279913]\n",
      " [ 8.76052486 14.03992499 11.96882729 19.84235677 31.24566571 17.78895903\n",
      "  15.48130185 14.12254119 20.75680552 30.84516702 24.7140655  53.3587074\n",
      "  29.19491474 11.42125237  1.26587629  1.32771389  1.39679442  1.53676423\n",
      "   3.29045354  3.388737    3.27666036  1.77324756  1.71290592  1.57031539]\n",
      " [ 6.00773793  9.13409835  8.46539675 14.20608441 15.09754737  9.82485724\n",
      "   8.6717437   8.8826584  11.38857561 14.67049168 17.40485276 29.19491474\n",
      "  36.8581052   7.41174037  0.90849666  0.92536462  0.95070701  1.16452453\n",
      "   5.39851022  5.31496417  5.49726444  1.21827847  1.15620298  1.04456532]\n",
      " [ 6.5972445   8.46827026  6.13796247  7.62219697  8.59296948  9.66018073\n",
      "  14.66364375 17.55474868 28.80981218 14.96513058 18.14998017 11.42125237\n",
      "   7.41174037 36.8581052   0.92535536  1.05833022  1.19219803  0.86525136\n",
      "   1.05081519  1.24411992  1.13386515  5.46896548  5.37647961  5.34671557]\n",
      " [ 5.32404307  3.37195176  2.24846454  1.77318886  1.40863984  1.81115236\n",
      "   1.46037869  2.02463796  1.29157934  0.99976102  1.10270911  1.26587629\n",
      "   0.90849666  0.92535536  0.5         0.54503967  0.56390696  0.38577239\n",
      "   0.15457576  0.13508393  0.13932753  0.13729558  0.14358713  0.16086565]\n",
      " [ 5.4509465   3.27541546  1.92106189  1.67180638  1.44686699  2.00302968\n",
      "   1.73803326  2.57918472  1.47244283  1.0893575   1.18946908  1.32771389\n",
      "   0.92536462  1.05833022  0.54503967  0.5         0.55265162  0.29440247\n",
      "   0.15079073  0.13670202  0.14563924  0.15073067  0.16968099  0.18522651]\n",
      " [ 5.3454263   3.29931492  1.80703258  1.64620891  1.50468323  2.22160655\n",
      "   2.0685932   3.3447101   1.66266671  1.17949561  1.27322175  1.39679442\n",
      "   0.95070701  1.19219803  0.56390696  0.55265162  0.5         0.26462723\n",
      "   0.15569257  0.14407517  0.14402154  0.17100392  0.17959087  0.21753545]\n",
      " [ 2.10646757  3.28001717  5.44460136  3.18401079  1.8472799   1.87033248\n",
      "   1.31986526  1.57826068  1.2602596   1.08190546  1.18897239  1.53676423\n",
      "   1.16452453  0.86525136  0.38577239  0.29440247  0.26462723  0.5\n",
      "   0.21085978  0.16350968  0.17871708  0.13146939  0.13600388  0.14112627]\n",
      " [ 0.99439478  1.51998751  1.50272392  2.63154323  2.3346204   1.52756342\n",
      "   1.28183334  1.35376812  1.57355761  1.8008361   2.12882223  3.29045354\n",
      "   5.39851022  1.05081519  0.15457576  0.15079073  0.15569257  0.21085978\n",
      "   0.5         0.56434774  0.54782301  0.17294228  0.16279957  0.15382971]\n",
      " [ 0.88629579  1.29039892  1.15555161  1.77923398  1.85905552  1.37164951\n",
      "   1.30138044  1.37107913  1.80169668  2.33102392  3.31089772  3.388737\n",
      "   5.31496417  1.24411992  0.13508393  0.13670202  0.14407517  0.16350968\n",
      "   0.56434774  0.5         0.56382187  0.21567775  0.19133112  0.17341842]\n",
      " [ 0.91970929  1.36125393  1.2631606   2.01800998  1.99474561  1.41219875\n",
      "   1.27350447  1.34646942  1.66446695  2.01254019  2.57400401  3.27666036\n",
      "   5.49726444  1.13386515  0.13932753  0.14563924  0.14402154  0.17871708\n",
      "   0.54782301  0.56382187  0.5         0.18467863  0.18502     0.16003888]\n",
      " [ 0.95020958  1.22347351  0.92000243  1.16259026  1.27985029  1.35078017\n",
      "   1.82649867  2.17964555  3.29186143  2.29145802  3.30802825  1.77324756\n",
      "   1.21827847  5.46896548  0.13729558  0.15073067  0.17100392  0.13146939\n",
      "   0.17294228  0.21567775  0.18467863  0.5         0.54346385  0.54859542]\n",
      " [ 1.02108008  1.29496604  0.95304337  1.18023375  1.29519918  1.42708154\n",
      "   2.00731797  2.49865214  3.37248602  2.1071426   2.72299116  1.71290592\n",
      "   1.15620298  5.37647961  0.14358713  0.16968099  0.17959087  0.13600388\n",
      "   0.16279957  0.19133112  0.18502     0.54346385  0.5         0.5601581 ]\n",
      " [ 1.15215172  1.39986542  0.98752326  1.17556391  1.27446382  1.52145196\n",
      "   2.33516232  3.44604867  3.31442235  1.81108514  2.15279913  1.57031539\n",
      "   1.04456532  5.34671557  0.16086565  0.18522651  0.21753545  0.14112627\n",
      "   0.15382971  0.17341842  0.16003888  0.54859542  0.5601581   0.5       ]]\n"
     ]
    }
   ],
   "source": [
    "#Molecular Fingerprint\n",
    "#Use RDKit to generate MACCS, ECFP, and Coulomb matrix etc...\n",
    "# MACCS \n",
    "maccs = MACCSkeys.GenMACCSKeys(mol)\n",
    "maccs_bits = tuple(maccs.GetOnBits())\n",
    "print(\"MACCS: \", maccs_bits)\n",
    "\n",
    "# ECFP\n",
    "ecfp = AllChem.GetMorganFingerprint(mol,2,invariants=[1]*mol.GetNumAtoms())\n",
    "\n",
    "# Coulomb matrix\n",
    "molh = Chem.AddHs(mol)\n",
    "AllChem.EmbedMolecule(molh, AllChem.ETKDG())\n",
    "coul = AllChem.CalcCoulombMat(molh)\n",
    "coul = np.array(coul)\n",
    "print(\"Coulomb Matrix \", coul)"
   ]
  },
  {
   "cell_type": "code",
   "execution_count": 3,
   "id": "e348e45f",
   "metadata": {},
   "outputs": [
    {
     "name": "stdout",
     "output_type": "stream",
     "text": [
      "adj: \n",
      "[[0. 1. 0. 0. 0. 0. 0. 0. 0. 0. 0. 1.]\n",
      " [1. 0. 1. 0. 0. 0. 0. 0. 0. 0. 1. 0.]\n",
      " [0. 1. 0. 1. 0. 0. 0. 1. 0. 0. 0. 0.]\n",
      " [0. 0. 1. 0. 2. 0. 0. 0. 0. 1. 0. 0.]\n",
      " [0. 0. 0. 2. 0. 1. 0. 0. 1. 0. 0. 0.]\n",
      " [0. 0. 0. 0. 1. 0. 2. 1. 0. 0. 0. 0.]\n",
      " [0. 0. 0. 0. 0. 2. 0. 0. 0. 0. 0. 0.]\n",
      " [0. 0. 1. 0. 0. 1. 0. 0. 0. 0. 0. 0.]\n",
      " [0. 0. 0. 0. 1. 0. 0. 0. 0. 0. 0. 0.]\n",
      " [0. 0. 0. 1. 0. 0. 0. 0. 0. 0. 0. 0.]\n",
      " [0. 1. 0. 0. 0. 0. 0. 0. 0. 0. 0. 0.]\n",
      " [1. 0. 0. 0. 0. 0. 0. 0. 0. 0. 0. 0.]]\n",
      "atom_dict: {'C': 0, 'O': 1}\n",
      "node features: \n",
      "[[1. 0. 0. 1. 0.]\n",
      " [1. 0. 0. 1. 0.]\n",
      " [1. 0. 0. 1. 0.]\n",
      " [1. 0. 0. 1. 0.]\n",
      " [1. 0. 0. 1. 0.]\n",
      " [1. 0. 0. 1. 0.]\n",
      " [0. 1. 0. 1. 0.]\n",
      " [0. 1. 0. 1. 0.]\n",
      " [0. 1. 0. 1. 0.]\n",
      " [0. 1. 0. 1. 0.]\n",
      " [0. 1. 0. 1. 0.]\n",
      " [0. 1. 0. 1. 0.]]\n"
     ]
    }
   ],
   "source": [
    "#Molecular Graph\n",
    "# read the SMILES\n",
    "SMILES = \"C(C(C1C(=C(C(=O)O1)O)O)O)O\"\n",
    "mol = Chem.MolFromSmiles(SMILES)\n",
    "# Adjacency matrix (Edge features)\n",
    "adj = Chem.GetAdjacencyMatrix(mol, useBO=True)\n",
    "print(f'adj: \\n{ adj }')\n",
    "\n",
    "# Node features\n",
    "atoms = [a.GetSymbol() for a in mol.GetAtoms()]\n",
    "length = len(atoms)  # number of atoms in the molecule\n",
    "atom_dict = {}\n",
    "for i in atoms:\n",
    "  if i not in atom_dict:\n",
    "    atom_dict[i] = len(atom_dict)\n",
    "print(f'atom_dict: { atom_dict }')\n",
    "n_atom = len(atom_dict)  # how many atom types\n",
    "\n",
    "atoms = np.zeros((length, n_atom))\n",
    "charge = np.zeros((length, 3))  # 3: formal charge [-1, 0, 1]\n",
    "for atom in mol.GetAtoms():\n",
    "  atoms[atom.GetIdx(), atom_dict[atom.GetSymbol()]] = 1\n",
    "  charge[atom.GetIdx(), atom.GetFormalCharge() + 1] = 1\n",
    "\n",
    "nodes = np.c_[atoms, charge]  # concatenate atom type and formal charge vectors\n",
    "print(f'node features: \\n{ nodes }')\n"
   ]
  },
  {
   "cell_type": "code",
   "execution_count": null,
   "id": "5a9b7b67",
   "metadata": {},
   "outputs": [],
   "source": []
  }
 ],
 "metadata": {
  "kernelspec": {
   "display_name": "Python 3 (ipykernel)",
   "language": "python",
   "name": "python3"
  },
  "language_info": {
   "codemirror_mode": {
    "name": "ipython",
    "version": 3
   },
   "file_extension": ".py",
   "mimetype": "text/x-python",
   "name": "python",
   "nbconvert_exporter": "python",
   "pygments_lexer": "ipython3",
   "version": "3.7.13"
  }
 },
 "nbformat": 4,
 "nbformat_minor": 5
}
